OPENBVE18230
#ACCELERATION
1.34,1,8,8,2
2.682,2,16,16,2.41402
4.2225,4.3225,26,26,2
#PERFORMANCE
5.15           ; Deceleration
80.9           ; CoefficientOfStaticFriction
0              ; Reserved (not used)
0.0025         ; CoefficientOfRollingResistance
1.2            ; AerodynamicDragCoefficient
#DELAY
0.75,0,0       ; DelayPowerUp
0.1,0,0        ; DelayPowerDown
0.5,0,0,0      ; DelayBrakeUp
0.1,0,0,0      ; DelayBrakeDown
0              ; ElectricBrakeDelayUp
0              ; ElectricBrakeDelayDown
0,0,0,0,0,0,0,0; DelayLocoBrakeUp (1.5.3.4+)
0,0,0,0,0,0,0,0; DelayLocoBrakeDown (1.5.3.4+)
#MOVE
120            ; JerkPowerUp
1000           ; JerkPowerDown
300            ; JerkBrakeUp
1500           ; JerkBrakeDown
600            ; BrakeCylinderUp
650            ; BrakeCylinderDown
#BRAKE
1              ; BrakeType
2              ; BrakeControlSystem
6              ; BrakeControlSpeed
0              ; LocoBrakeType (1.5.3.4+)
#PRESSURE
310.264        ; BrakeCylinderServiceMaximumPressure
344.738        ; BrakeCylinderEmergencyMaximumPressure
980            ; MainReservoirMinimumPressure
1200           ; MainReservoirMaximumPressure
965.266        ; BrakePipeNormalPressure
#HANDLE
1              ; HandleType
3              ; PowerNotches
4              ; BrakeNotches
0              ; PowerNotchReduceSteps
0              ; EbHandleBehaviour (1.5.3.3+)
0              ; LocoBrakeNotches (1.5.3.4+)
0              ; LocoBrakeType (1.5.3.4+)
3              ; DriverPowerNotches
4              ; DriverBrakeNotches
#CAB
900            ; X
2490           ; Y
-1900          ; Z
1              ; DriverCar
#CAR
12.87          ; MotorCarMass
24             ; NumberOfMotorCars
12.87          ; TrailerCarMass
0              ; NumberOfTrailerCars
19.03          ; LengthOfACar
1              ; FrontCarIsAMotorCar
2.6            ; WidthOfACar
3.2            ; HeightOfACar
1.5            ; CenterOfGravityHeight
5              ; ExposedFrontalArea
1.6            ; UnexposedFrontalArea
#DEVICE
0              ; Ats
0              ; Atc
0              ; Eb
0              ; ConstSpeed
0              ; HoldBrake
0              ; ReAdhesionDevice
0              ; Reserved (not used)
2              ; PassAlarm
2              ; DoorOpenMode
2              ; DoorCloseMode
1000           ; DoorWidth
0              ; DoorMaxTolerance
#MOTOR_P1
0,100,150
0,100,149.9946
0,100,149.9893
0,100,149.9839
0,100,149.9786
0,100,149.9732
0,100,149.9679
0,100,149.9625
0,100,149.9572
0,100,149.9518
0,100,149.9464
0,100,149.9411
0,100,149.9357
0,100,149.9304
0,100,149.925
0,100,149.9197
0,100,149.9143
0,100,149.909
0,100,149.9036
0,100,149.8982
0,100,149.8929
0,100,149.8875
0,100,149.8822
0,100,149.8768
0,100,149.8715
0,100,149.8661
0,100,149.8607
0,100,149.8554
0,100,149.85
0,100,149.8447
0,100,149.8393
0,100,149.834
0,100,149.8286
0,100,149.8233
0,100,149.8179
0,100,149.8125
0,100,149.8072
0,100,149.8018
0,100,149.7965
0,100,149.7911
0,100,149.7858
0,100,149.7804
0,100,149.7751
0,100,149.7697
0,100,149.7643
0,100,149.759
0,100,149.7536
0,100,149.7483
0,100,149.7429
0,100,149.7376
0,100,149.7322
0,100,149.7269
0,100,149.7215
0,100,149.7161
0,100,149.7108
0,100,149.7054
0,100,149.7001
0,100,149.6947
0,100,149.6894
0,100,149.684
0,100,149.6786
0,100,149.6733
0,100,149.6679
0,100,149.6626
0,100,149.6572
0,100,149.6519
0,100,149.6465
0,100,149.6412
0,100,149.6358
0,100,149.6304
0,100,149.6251
0,100,149.6197
0,100,149.6144
0,100,149.609
0,100,149.6037
0,100,149.5983
0,100,149.593
0,100,149.5876
0,100,149.5822
0,100,149.5769
0,100,149.5715
0,100,149.5662
0,100,149.5608
0,100,149.5555
0,100,149.5501
0,100,149.5448
0,100,149.5394
0,100,149.534
0,100,149.5287
0,100,149.5233
0,100,149.518
0,100,149.5126
0,100,149.5073
0,100,149.5019
0,100,149.4966
0,100,149.4912
0,100,149.4858
0,100,149.4805
0,100,149.4751
0,100,149.4698
0,100,149.4644
0,100,149.4591
0,100,149.4537
0,100,149.4483
0,100,149.443
0,100,149.4376
0,100,149.4323
0,100,149.4269
0,100,149.4216
0,100,150.8197
0,100,150.9016
0,100,150.9836
0,100,151.0656
0,100,151.1476
0,100,151.2295
0,100,151.3115
0,100,151.3935
0,100,151.4754
-1,100,151.5574
-1,101.6393,151.6393
-1,102.498,140.9405
-1,103.3568,130.2416
-1,104.2155,119.5427
-1,105.0742,108.8438
-1,105.9329,98.14493
-1,106.7916,87.44604
-1,107.6503,76.74716
-1,108.509,66.04828
-1,109.3677,55.3494
-1,110.2264,44.65052
-1,111.0851,33.95164
-1,111.9438,23.25276
-1,112.8025,12.55388
-1,113.6612,1.855001
-1,114.5199,0
-1,115.3786,0
-1,116.2373,0
-1,117.096,0
-1,117.9547,0
-1,118.8134,130.6011
-1,119.6721,130.6248
-1,105.6183,130.6486
-1,106.3027,130.6723
-1,106.9871,127.0492
-1,107.6715,127.0492
-1,108.3559,118.8525
-1,109.0403,118.8525
-1,100,118.8525
2,86.88525,0
2,88.52459,0
2,90.16393,3.005478
2,91.80328,18.85248
2,93.44262,34.69948
2,95.08196,50.54648
2,96.72131,66.39348
2,98.36065,82.24048
2,99.99999,98.08748
2,101.6393,113.9345
2,103.2787,109.6721
2,104.918,107.541
2,106.5574,105.4098
2,108.1967,103.2787
2,109.8361,99.25486
2,111.4754,96.60956
2,113.1147,93.96426
2,114.7541,91.31895
2,116.3934,88.67365
2,118.0328,86.02835
2,119.6721,83.38305
2,121.3115,80.73775
2,122.9508,78.09245
2,124.5901,75.44714
2,126.2295,72.80184
2,127.8688,70.15654
2,129.5082,67.51124
2,131.1475,64.86594
2,132.7869,62.22063
2,134.4262,59.57533
2,136.0656,56.93002
2,137.7049,54.28471
2,139.3442,51.63941
2,140.9836,48.9941
2,142.6229,46.3488
2,144.2623,43.70349
2,145.9016,41.05819
2,147.541,38.41288
2,149.1803,35.76757
2,150.8196,33.12227
2,152.459,30.47696
2,154.0983,27.83166
2,155.7377,25.18635
2,157.377,22.54105
2,159.0164,19.89574
2,160.6557,17.25043
2,162.295,14.60513
2,163.9344,11.95982
2,165.5737,9.314518
2,167.2131,6.669213
2,168.8524,4.023908
2,170.4918,1.378603
2,172.1311,0
2,173.7704,0
-1,175.4098,0
-1,148.0679,5.119175
-1,149.1803,2.459106
-1,160.1609,0
-1,161.3363,98.58305
-1,162.5117,97.84674
-1,163.6871,97.11043
-1,164.8625,96.37411
-1,166.0379,95.6378
-1,167.2133,94.90149
-1,169.8416,94.16518
-1,171.3396,93.42886
-1,172.8377,92.69255
-1,174.3357,91.95624
-1,88.52459,113.9344
-1,89.11337,113.775
-1,89.70214,113.6157
4,95.08197,0
4,95.83978,14.48068
4,96.5976,65.02694
4,97.35541,90.9836
4,98.11322,89.34426
4,98.87103,87.51797
4,99.62885,85.69169
4,100.3867,83.8654
4,101.1445,82.03912
4,101.9023,80.21283
4,102.6601,78.38654
4,103.4179,76.56026
4,104.1757,74.73397
4,104.9335,72.90768
4,105.6913,71.0814
4,106.4492,69.25511
4,107.207,67.42883
4,107.9648,65.60254
4,108.7226,63.77625
4,109.4804,61.94997
4,110.2382,60.12368
4,110.996,58.29739
4,111.7538,56.47111
4,112.5117,54.64482
4,113.2695,52.81853
4,114.0273,50.99225
4,114.7851,49.16596
4,115.5429,47.33968
4,116.3007,45.51339
4,117.0585,43.6871
4,117.8163,41.86082
4,118.5742,40.03453
4,119.332,38.20824
4,120.0898,36.38196
4,120.8476,34.55567
4,121.6054,32.72939
4,122.3632,30.9031
4,123.121,29.07681
4,123.8788,27.25052
4,124.6367,25.42423
4,125.3945,23.59794
4,126.1523,21.77166
4,126.9101,19.94537
4,127.6679,18.11908
4,128.4257,16.29279
4,129.1835,14.4665
4,129.9413,12.64022
4,130.6992,10.81393
4,131.457,8.987642
4,132.2148,7.161355
4,132.9726,5.335068
4,133.7304,3.50878
4,134.4882,1.682493
-1,135.246,0
-1,136.0038,0
-1,136.7617,0
-1,137.5195,0
-1,138.2773,0
-1,139.0351,0
-1,139.7929,0
-1,140.5507,0
-1,141.3085,0
-1,142.0663,34.9727
-1,142.8242,34.03281
-1,143.582,33.09291
-1,144.3398,32.15302
-1,145.0976,31.21313
-1,145.8554,30.27324
-1,146.6132,29.33335
-1,147.371,28.39346
-1,148.1288,27.45357
-1,148.8867,26.51368
-1,149.6445,25.57379
-1,150.4023,24.6339
-1,151.1601,23.69401
-1,151.9179,22.75412
-1,152.6757,21.81423
-1,153.4335,20.87434
-1,154.1913,19.93445
-1,154.9492,18.99456
-1,155.707,18.05467
-1,156.4648,17.11478
-1,157.2226,16.17489
-1,157.9804,15.235
-1,158.7382,14.29511
-1,159.496,13.35522
-1,160.2538,12.41533
-1,161.0117,11.47544
-1,161.7695,0
-1,162.5273,0
-1,163.2851,0
-1,164.0429,0
-1,164.8007,0
-1,165.5585,0
-1,166.3163,0
-1,167.0742,0
-1,167.832,0
-1,168.5898,0
-1,169.3476,0
-1,170.1054,0
-1,170.8632,0
-1,171.621,0
-1,172.3788,0
-1,173.1367,0
-1,173.8945,0
-1,174.6523,0
-1,175.4101,0
-1,153.2899,0
-1,153.8787,0
-1,154.4675,0
-1,155.0562,0
-1,155.645,0
-1,156.2338,0
-1,156.8226,0
-1,157.4113,0
-1,158.0001,0
-1,158.5889,0
-1,159.1777,0
-1,159.7664,0
-1,160.3552,0
-1,160.944,0
-1,161.5328,0
-1,162.1216,0
-1,162.7103,0
-1,163.2991,0
-1,163.8879,0
-1,164.4767,0
-1,165.0654,0
-1,165.6542,0
-1,166.243,0
-1,166.8318,0
-1,167.4205,0
-1,168.0093,0
-1,168.5981,0
-1,169.1869,0
-1,169.7756,0
-1,170.3644,0
-1,170.9532,0
-1,171.542,0
-1,172.1307,0
-1,172.2575,0
-1,172.8292,0
-1,173.4008,0
-1,173.9725,0
-1,174.5442,0
-1,175.1158,0
-1,175.6875,0
-1,176.2592,0
-1,176.8309,0
-1,177.4025,0
-1,177.9742,0
-1,178.5459,0
-1,179.1175,0
-1,179.6892,0
-1,180.2609,0
-1,180.8326,0
-1,181.4042,0
-1,181.9759,0
-1,182.5476,0
-1,183.1192,0
-1,183.6909,0
-1,184.2626,0
-1,184.8342,0
-1,185.4059,0
-1,185.9776,0
-1,186.5493,0.1166254
-1,187.1209,0
-1,187.6926,0
-1,188.2643,0
-1,188.8359,0
-1,189.4076,0
-1,189.9793,0
-1,190.5509,0
-1,191.1226,0
-1,191.6943,0
-1,192.266,0
-1,192.8376,0
-1,193.4093,0
-1,193.981,0
-1,194.5526,0
-1,195.1243,0
-1,195.696,0
-1,196.2677,0
-1,196.8393,0
-1,197.411,0
-1,197.9827,0
-1,198.5543,0
-1,199.126,0
-1,199.6977,0
-1,200.2693,0
-1,200.841,0
-1,201.4127,0
-1,201.9844,0
-1,202.556,0
-1,203.1277,0
-1,203.6994,0
-1,204.271,0
-1,204.8427,0
-1,205.4144,0
-1,205.9861,0
-1,206.5577,0
-1,100,0
-1,100,0
-1,100,0
-1,100,0
-1,100,0
-1,100,0
-1,100,0
-1,100,0
-1,100,0
-1,100,0
-1,100,0
-1,100,0
-1,100,0
-1,100,0
-1,100,0
-1,100,0
-1,100,0
-1,100,0
-1,100,0
-1,100,0
-1,100,0
-1,100,0
-1,100,0
-1,100,0
-1,100,0
-1,100,0
-1,100,0
-1,100,0
-1,100,0
-1,100,0
-1,100,0
-1,100,0
-1,100,0
-1,100,128
-1,100,128
-1,100,128
-1,100,128
-1,100,128
-1,100,128
-1,100,128
-1,100,128
-1,100,128
-1,100,128
-1,100,128
-1,100,128
-1,100,128
-1,100,128
-1,100,128
-1,100,128
-1,100,128
-1,100,128
-1,100,128
-1,100,128
-1,100,128
-1,100,128
-1,100,128
-1,100,128
-1,100,128
-1,100,128
-1,100,128
-1,100,128
-1,100,128
-1,100,128
-1,100,128
-1,100,128
-1,100,128
-1,100,128
-1,100,128
-1,100,128
-1,100,128
-1,100,128
-1,100,128
-1,100,128
-1,100,128
-1,100,128
-1,100,128
-1,100,128
-1,100,128
-1,100,128
-1,100,128
-1,100,128
-1,100,128
-1,100,128
-1,100,128
-1,100,128
-1,100,128
-1,100,128
-1,100,128
-1,100,128
-1,100,128
-1,100,128
-1,100,128
-1,100,128
-1,100,128
-1,100,128
-1,100,128
-1,100,128
-1,100,128
-1,100,128
-1,100,128
-1,100,128
-1,100,128
-1,100,128
-1,100,128
-1,100,128
-1,100,128
-1,100,128
-1,100,128
-1,100,128
-1,100,128
-1,100,128
-1,100,128
-1,100,128
-1,100,128
-1,100,128
-1,100,128
-1,100,128
-1,100,128
-1,100,128
-1,100,128
-1,100,128
-1,100,128
-1,100,128
-1,100,128
-1,100,128
-1,100,128
-1,100,128
-1,100,128
-1,100,128
-1,100,128
-1,100,128
-1,100,128
-1,100,128
-1,100,128
-1,100,128
-1,100,128
-1,100,128
-1,100,128
-1,100,128
-1,100,128
-1,100,128
-1,100,128
-1,100,128
-1,100,128
-1,100,128
-1,100,128
-1,100,128
-1,100,128
-1,100,128
-1,100,128
-1,100,128
-1,100,128
-1,100,128
-1,100,128
-1,100,128
-1,100,128
-1,100,128
-1,100,128
-1,100,128
-1,100,128
4,100,128
4,100,128
4,100,128
4,100,128
4,100,128
4,100,128
4,100,128
4,100,128
4,100,128
4,100,128
4,100,128
4,100,128
4,100,128
4,100,128
4,100,128
4,100,128
4,100,128
4,100,128
4,100,128
4,100,128
4,100,128
4,100,128
4,100,128
4,100,128
4,100,128
4,100,128
4,100,128
4,100,128
4,100,128
4,100,128
4,100,128
4,100,128
4,100,128
4,100,128
4,100,128
4,100,128
4,100,128
4,100,128
4,100,128
4,100,128
4,100,128
4,100,128
4,100,128
4,100,128
4,100,128
4,100,128
4,100,128
4,100,128
4,100,128
4,100,128
4,100,128
4,100,128
4,100,128
4,100,128
4,100,128
4,100,128
4,100,128
4,100,128
4,100,128
4,100,128
4,100,128
4,100,128
4,100,128
4,100,128
4,100,128
4,100,128
4,100,128
4,100,128
4,100,128
4,100,128
4,100,128
4,100,128
4,100,128
4,100,128
4,100,128
4,100,128
4,100,128
4,100,128
4,100,128
4,100,128
4,100,128
4,100,128
4,100,128
4,100,128
4,100,128
4,100,128
4,100,128
4,100,128
4,100,128
4,100,128
4,100,128
4,100,128
4,100,128
4,100,128
4,100,128
4,100,128
4,100,128
4,100,128
4,100,128
4,100,128
4,100,128
4,100,128
4,100,128
4,100,128
4,100,128
4,100,128
4,100,128
4,100,128
4,100,128
4,100,128
4,100,128
4,100,128
4,100,128
4,100,128
4,100,128
4,100,128
4,100,128
4,100,128
4,100,128
4,100,128
4,100,128
4,100,128
4,100,128
4,100,128
4,100,128
4,100,128
4,100,128
4,100,128
4,100,128
4,100,128
4,100,128
4,100,128
4,100,128
4,100,128
4,100,128
4,100,128
4,100,128
4,100,128
4,100,128
4,100,128
4,100,128
4,100,128
4,100,128
4,100,128
4,100,128
4,100,128
4,100,128
4,100,128
4,100,128
4,100,128
4,100,128
4,100,128
4,100,128
4,100,128
4,100,128
4,100,128
4,100,128
4,100,128
4,100,128
4,100,128
4,100,128
4,100,128
4,100,128
4,100,128
4,100,128
4,100,128
4,100,128
4,100,128
4,100,128
4,100,128
4,100,128
4,100,128
4,100,128
4,100,128
4,100,128
4,100,128
4,100,128
4,100,128
4,100,128
4,100,128
4,100,128
4,100,128
4,100,128
4,100,128
4,100,128
4,100,128
4,100,128
4,100,128
4,100,128
4,100,128
4,100,128
4,100,128
4,100,128
4,100,128
4,100,128
4,100,128
4,100,128
4,100,128
4,100,128
4,100,128
4,100,128
4,100,128
4,100,128
4,100,128
4,100,128
4,100,128
4,100,128
4,100,128
4,100,128
4,100,128
4,100,128
4,100,128
4,100,128
4,100,128
4,100,128
4,100,128
4,100,128
4,100,128
4,100,128
4,100,128
4,100,128
4,100,128
4,100,128
4,100,128
4,100,128
4,100,128
4,100,128
4,100,128
4,100,128
4,100,128
4,100,128
4,100,128
4,100,128
4,100,128
4,100,128
4,100,128
4,100,128
4,100,128
4,100,128
4,100,128
4,100,128
4,100,128
4,100,128
4,100,128
4,100,128
4,100,128
4,100,128
4,100,128
-1,100,128
#MOTOR_P2
-1,100,150
-1,100,150
-1,100,150
-1,100,150
-1,100,150
-1,100,150
-1,100,150
-1,100,150
-1,100,150
-1,100,150
-1,100,150
-1,100,150
-1,100,150
-1,100,150
-1,100,150
-1,100,150
-1,100,150
-1,100,150
-1,100,150
-1,100,150
-1,100,150
-1,100,150
-1,100,150
-1,100,150
-1,100,150
-1,100,150
-1,100,150
-1,100,150
-1,100,150
-1,100,150
-1,100,150
-1,100,150
-1,100,150
-1,100,150
-1,100,150
-1,100,150
-1,100,150
-1,99.08373,150
-1,99.10723,150
-1,99.13073,150
-1,99.15423,150
-1,99.17773,150
-1,99.20123,150
-1,99.22472,150
-1,99.24822,150
-1,99.27172,150
-1,99.29522,150
-1,99.31872,150
-1,99.34222,150
-1,99.36572,150
-1,99.38921,150
-1,99.41271,126.0005
-1,71.19743,126.0068
-1,72.12882,126.0132
-1,73.51804,126.0195
-1,74.90726,126.0258
-1,76.29649,126.0322
-1,77.68571,126.0385
-1,79.07493,126.0448
-1,80.46415,126.0512
-1,81.85337,126.0575
-1,83.24259,126.0638
-1,84.63181,126.0702
-1,86.02103,126.0765
-1,87.41026,126.0828
-1,88.79948,126.0892
-1,90.1887,126.0955
-1,91.57792,126.1018
-1,92.96714,126.1082
-1,94.35636,126.1145
-1,95.74558,126.1208
-1,97.1348,126.1272
-1,98.52402,126.1335
-1,99.91325,126.1398
-1,101.3025,126.1462
-1,102.6917,126.1525
-1,98.21429,126.1588
-1,98.88996,126.1652
-1,99.56564,126.1715
-1,100.2413,126.1778
-1,98.21429,126.1842
-1,98.92184,126.1905
-1,99.62939,126.1968
-1,100.3369,126.2031
-1,101.0445,126.2095
-1,101.752,126.2158
-1,102.4596,126.2221
-1,103.1671,126.2285
-1,103.8747,126.2348
-1,104.5822,126.2411
-1,105.2898,126.2475
-1,105.9973,126.2538
-1,106.7049,126.2601
-1,107.4124,126.2665
-1,108.12,126.2728
-1,108.8275,126.2791
-1,109.5351,126.2855
-1,110.2426,126.2918
-1,110.9502,126.2981
-1,111.6577,126.3045
-1,112.3653,126.3108
-1,113.0728,126.3171
-1,113.7804,126.3235
-1,114.4879,126.3298
-1,115.1955,126.3361
-1,115.903,126.3425
-1,116.6106,126.3488
-1,117.3181,126.3551
-1,118.0257,126.3615
-1,118.7332,125.8929
-1,100,0
-1,100.9804,0
-1,101.9608,0
-1,102.9412,0
-1,91.07143,21.87498
-1,92.21938,48.54908
1,93.36734,75.22318
1,94.5153,101.8973
1,95.66325,129.4643
1,96.81121,129.4435
1,97.95917,129.4227
1,99.10712,129.402
1,100.2551,129.3812
1,101.403,129.3604
1,102.551,129.3397
1,103.699,129.3189
1,104.8469,129.2981
1,105.9949,129.2774
1,107.1428,129.2566
1,108.2908,129.2358
1,109.4387,129.2151
1,110.5867,129.1943
1,111.7346,129.1735
1,112.8826,129.1528
1,114.0306,129.132
1,115.1785,129.1112
1,116.3265,129.0905
1,117.4744,129.0697
1,118.6224,129.0489
1,119.7703,129.0282
1,120.9183,129.0074
1,122.0663,128.9866
1,123.2142,128.9659
1,124.3622,128.9451
1,125.5101,128.9243
1,126.6581,128.9036
1,127.806,128.8828
1,128.954,128.862
1,130.102,128.8413
1,131.2499,128.5714
1,132.3979,93.57143
1,133.5459,58.57143
1,134.6938,23.57143
1,135.8418,0
-1,136.9898,0
-1,138.1377,128.6959
-1,139.2857,128.6751
-1,135.6368,128.6544
-1,136.7237,128.6336
-1,137.8107,128.6128
-1,138.8977,128.5921
-1,139.9846,128.5713
-1,141.0716,0
-1,93.70747,127.5
-1,93.87754,127.5298
-1,94.04761,127.5595
-1,94.21767,127.5893
-1,94.38774,127.6191
-1,94.55781,127.6488
-1,94.72787,127.6786
-1,94.89794,125.8929
-1,95.06801,125.8929
-1,91.07143,125.8929
-1,91.74195,125.8929
-1,92.41248,125.8929
-1,93.083,125.8929
-1,93.75352,125.8929
3,92.85714,0.8928571
3,93.5501,6.559065
3,94.24306,12.22527
3,94.93603,17.89148
3,95.62899,23.55769
3,96.32195,29.2239
3,97.01492,34.89011
3,97.70788,40.55631
3,98.40084,46.22252
3,99.0938,51.88873
3,99.78677,57.55493
3,100.4797,63.22114
3,101.1727,68.88734
3,101.8657,74.55355
3,102.5586,80.21976
3,103.2516,85.88596
3,103.9445,91.55217
3,104.6375,97.21838
3,105.3305,102.8846
3,106.0234,108.5508
3,106.7164,114.217
3,107.4094,119.8832
3,108.1023,125.5494
3,108.7953,131.2156
3,109.4882,141.0714
3,110.1812,136.6342
3,110.8742,132.197
3,111.5671,127.7597
3,112.2601,123.3225
3,112.9531,118.8853
3,113.646,114.448
3,114.339,110.0108
3,115.0319,105.5736
3,115.7249,101.1363
3,116.4179,96.69911
3,117.1108,92.26188
3,117.8038,87.82465
3,118.4968,83.38741
3,119.1897,78.95018
3,119.8827,74.51295
3,120.5756,70.07571
3,121.2686,65.63848
3,121.9616,61.20125
3,122.6545,56.76402
3,123.3475,52.32679
3,124.0405,47.88956
3,124.7334,43.45234
3,125.4264,39.01511
3,126.1193,34.57788
3,126.8123,30.14065
3,127.5053,25.70341
3,128.1982,21.26618
3,128.8912,16.82895
3,129.5842,12.39172
3,130.2771,7.954491
-1,130.9701,3.517261
#MOTOR_B1
5,100,0
5,100,0
5,100,0
5,100,0
5,100,0
5,100,0
5,100,0
5,100,0
5,100,0
5,100,0
5,100,0
5,100,0
5,100,0
5,100,0
5,100,0
5,100,0
5,100,0
5,100,0
5,100,0
5,100,0
5,100,0
5,100,0
5,100,0
5,100,0
5,100,0
5,100,0
5,100,0
5,100,0
5,100,0
5,100,0
5,100,0
5,100,0
5,100,0
5,100,0
5,100,0
5,100,0
5,100,0
5,100,0
5,100,0
5,100,0
5,100,0
5,100,0
5,100,4.098366
5,100,8.469952
5,100,12.84154
5,100,17.21312
5,100,21.58471
5,100,25.9563
5,100,30.32788
5,100,34.69947
5,100,39.07105
5,100,43.44264
5,100,44.26229
5,100,44.26229
5,100,44.26229
5,100,44.26229
5,100,40.16394
5,100,39.18033
5,100,38.19672
5,100,37.21311
5,100,36.2295
5,100,35.2459
5,100,34.26229
5,100,33.27868
5,100,32.29507
5,100,31.31146
5,100,30.32786
5,100,29.34425
5,100,28.36065
5,100,27.37704
5,100,26.39343
5,100,25.40983
5,100,24.42622
5,100,23.44261
5,100,22.45901
5,100,21.4754
5,100,20.49179
5,100,19.50819
5,100,18.52458
5,100,17.54098
5,100,16.55737
5,100,15.57376
5,100,14.59016
5,100,13.60655
5,100,12.62294
5,100,11.63934
5,100,10.65573
5,100,9.672125
5,100,8.688519
5,100,7.704912
5,100,6.721306
5,100,5.7377
5,100,4.754093
5,100,3.770487
5,100,2.78688
5,100,1.803273
5,100,0.8196669
5,100,0
5,100,0
5,100,0
-1,100,42.43009
-1,100,40.98361
-1,100,113.0013
-1,100,113.0094
-1,100,113.0176
-1,100,113.0257
-1,100,113.0338
-1,100,113.0419
-1,100,113.05
-1,100,113.0581
-1,100,113.0663
-1,100,113.0744
-1,100.8587,113.0825
-1,101.7174,113.0906
-1,102.5761,113.0987
-1,103.4348,113.1068
-1,104.2935,113.115
-1,105.1522,90.11839
-1,106.0109,81.42076
-1,106.8696,72.72313
-1,107.7283,64.0255
-1,108.587,55.32787
-1,109.4457,46.63023
-1,110.3044,37.9326
-1,111.1631,29.23497
-1,112.0219,20.53734
-1,112.8806,11.83971
-1,113.7393,3.142076
-1,114.598,0
-1,115.4567,0
-1,116.3154,0
-1,117.1741,130.411
-1,118.0328,130.4348
-1,100.1432,130.4585
-1,100.8276,130.4823
-1,101.512,130.506
-1,102.1964,130.5298
-1,102.8808,130.5535
-1,103.5652,130.5773
-1,104.2496,130.6011
-1,104.934,130.6248
-1,105.6183,130.6486
-1,106.3027,0
-1,106.9871,0
-1,73.77049,0
-1,74.73149,0
-1,75.69249,0
-1,76.65349,0
7,77.61449,0
7,78.57549,1.453056
7,79.53648,3.874815
7,80.49748,6.296574
7,81.45848,8.718332
7,82.41948,11.14009
7,83.38048,13.56185
7,84.34148,15.98361
7,85.30247,18.40537
7,86.26347,20.82713
7,87.22447,23.24888
7,88.18547,25.67064
7,89.14647,28.0924
7,90.10747,30.51416
7,91.06847,32.93592
7,92.02946,35.35768
7,92.99046,37.77944
7,93.95146,40.2012
7,94.91246,42.62296
7,95.87346,44.26228
7,96.83446,43.30267
7,97.79546,41.9632
7,98.75645,40.62374
7,99.71745,39.28427
7,100.6785,37.94481
7,101.6395,36.60534
7,102.6004,35.26587
7,103.5614,33.92641
7,104.5224,32.58694
7,105.4834,31.24748
7,106.4444,29.90801
7,107.4054,28.56855
7,108.3664,27.22908
7,109.3274,25.88962
7,110.2884,24.55016
7,111.2494,23.21069
7,112.2104,21.87123
7,113.1714,20.53176
7,114.1324,19.1923
7,115.0934,17.85283
7,116.0544,16.51337
7,117.0154,15.17391
7,117.9764,13.83444
7,118.9374,12.49498
7,119.8984,11.15551
7,120.8594,9.816045
7,121.8204,8.47658
7,122.7814,7.137115
7,123.7424,5.79765
7,124.7034,4.458186
7,125.6644,3.118721
7,126.6254,1.779256
7,127.5864,0.4397914
7,128.5474,0
-1,129.5084,0
-1,138.0613,0
-1,139.3443,0
-1,160.1609,0
-1,161.3363,0
-1,162.5117,97.84674
-1,163.6871,97.11043
-1,164.8625,96.37411
-1,166.0379,95.6378
-1,167.2133,94.90149
-1,169.8416,94.16518
-1,171.3396,93.42886
-1,172.8377,92.69255
-1,174.3357,91.95624
-1,175.8337,91.21992
-1,177.3317,90.48361
-1,178.8297,89.7473
-1,180.3277,119.6721
-1,160.4677,119.6721
-1,161.6233,119.6721
-1,162.7789,119.6721
-1,163.9346,119.6721
-1,95.08197,0
-1,95.65364,0
-1,96.22531,0
-1,96.79698,0
-1,97.36865,0
3,97.94032,4.582704
3,98.51199,11.40088
3,99.08366,18.21906
3,99.65533,25.03724
3,100.227,31.85542
3,100.7987,38.6736
3,101.3703,45.49178
3,101.942,52.30996
3,102.5137,59.12814
3,103.0854,67.21311
3,103.657,66.4104
3,104.2287,65.60769
3,104.8004,64.80498
3,105.372,64.00227
3,105.9437,63.19955
3,106.5154,62.39684
3,107.0871,61.59412
3,107.6587,60.7914
3,108.2304,59.98869
3,108.8021,59.18597
3,109.3737,58.38326
3,109.9454,57.58054
3,110.5171,56.77783
3,111.0887,55.97511
3,111.6604,55.1724
3,112.2321,54.36968
3,112.8038,53.56697
3,113.3754,52.76425
3,113.9471,51.96154
3,114.5188,51.15882
3,115.0904,50.35611
3,115.6621,49.55339
3,116.2338,48.75068
3,116.8055,47.94796
3,117.3771,47.14524
3,117.9488,46.34253
3,118.5205,45.53981
3,119.0921,44.7371
3,119.6638,43.93438
3,120.2355,43.13167
3,120.8071,42.32895
3,121.3788,41.52624
3,121.9505,40.72352
3,122.5222,39.92081
3,123.0938,39.11809
3,123.6655,38.31538
3,124.2372,37.51266
3,124.8088,36.70995
3,125.3805,35.90723
3,125.9522,35.10452
3,126.5238,34.3018
3,127.0955,33.60656
3,127.6672,32.53468
3,128.2389,31.4628
3,128.8105,30.39092
3,129.3822,29.31904
3,129.9539,28.24716
3,130.5255,27.17528
3,131.0972,26.1034
3,131.6689,25.03153
3,132.2406,23.95965
3,132.8122,22.88777
3,133.3839,21.81589
3,133.9556,20.74401
3,134.5272,19.67213
3,135.0989,18.60026
3,135.6706,17.52838
3,136.2422,16.4565
3,136.8139,15.38462
3,137.3856,14.31274
3,137.9573,13.24086
3,138.5289,12.16899
3,139.1006,11.09711
3,139.6723,10.02523
3,140.2439,8.95335
3,140.8156,7.881471
3,141.3873,6.809592
3,141.959,5.737713
3,142.5306,4.665834
3,143.1023,3.593956
3,143.674,2.522077
3,144.2456,1.450198
3,144.8173,0.378319
3,145.389,0
3,145.9606,0
3,146.5323,0
3,147.104,0
3,147.6757,0
3,148.2473,0
3,148.819,0
3,149.3907,0
3,149.9623,0
3,150.534,0
3,151.1057,0
3,151.6774,0
3,152.249,0
3,152.8207,0
3,153.3924,0
3,153.964,0
3,154.5357,0
3,155.1074,0
3,155.679,0
3,156.2507,0
3,156.8224,0
3,157.3941,0
3,157.9657,0
3,158.5374,0
3,159.1091,0
3,159.6807,0
3,160.2524,0
3,160.8241,0
3,161.3958,0
3,161.9674,0
3,162.5391,0
3,163.1108,0
3,163.6824,0
3,164.2541,0
3,164.8258,0
3,165.3974,0
3,165.9691,0
3,166.5408,0
3,167.1125,0
3,167.6841,0
3,168.2558,0
3,168.8275,0
3,169.3991,0
3,169.9708,0
3,170.5425,0
3,171.1142,0
3,171.6858,0
3,172.2575,0
3,172.8292,0
3,173.4008,0
3,173.9725,0
3,174.5442,0
3,175.1158,0
3,175.6875,0
3,176.2592,0
3,176.8309,0
3,177.4025,0
3,177.9742,0
3,178.5459,0
3,179.1175,0
3,179.6892,0
3,180.2609,0
3,180.8326,0
3,181.4042,0
3,181.9759,0
3,182.5476,0
3,183.1192,0
3,183.6909,0
3,184.2626,0
3,184.8342,0
3,185.4059,0
3,185.9776,0
3,186.5493,0
3,187.1209,0
3,187.6926,0
3,188.2643,0
3,188.8359,0
3,189.4076,0
3,189.9793,0
3,190.5509,0
3,191.1226,0
3,191.6943,0
3,192.266,0
3,192.8376,0
3,193.4093,0
3,193.981,0
3,194.5526,0
3,195.1243,0
3,195.696,0
3,196.2677,0
3,196.8393,0
3,197.411,0
3,197.9827,0
3,198.5543,0
3,199.126,0
3,199.6977,0
3,200.2693,0
3,200.841,0
3,201.4127,0
3,201.9844,0
3,202.556,0
3,203.1277,0
3,203.6994,0
-1,204.271,0
#MOTOR_B2
-1,100,128
-1,100,128
-1,100,128
-1,100,128
-1,100,128
-1,100,128
-1,100,128
-1,100,128
-1,100,128
-1,100,128
-1,100,128
-1,100,128
-1,100,128
-1,100,128
-1,100,18.77023
-1,100,18.77023
-1,100,19.18448
-1,100,19.18448
-1,100,19.18448
-1,100,19.18448
-1,100,19.18448
-1,100,19.18448
-1,100,19.18448
-1,100,19.18448
-1,100,19.18448
-1,100,19.18448
-1,100,19.18448
-1,100,19.18448
-1,100,19.18448
-1,100,19.18448
-1,100,19.18448
-1,100,19.18448
-1,100,19.18448
-1,100,19.18448
-1,100,125.8929
-1,100,125.8992
-1,100,125.9055
-1,99.99999,125.9119
-1,99.99999,125.9182
-1,99.99999,125.9245
-1,99.99999,125.9309
-1,99.99999,125.9372
-1,99.99999,125.9435
-1,99.99999,125.9499
-1,99.99999,125.9562
-1,99.99999,125.9625
-1,99.99999,125.9688
-1,64.72492,125.9752
-1,66.01942,125.9815
-1,67.31393,125.9878
-1,68.60843,125.9942
-1,69.90293,126.0005
-1,71.19743,126.0068
-1,72.12882,126.0132
-1,73.51804,126.0195
-1,74.90726,126.0258
-1,76.29649,126.0322
-1,77.68571,126.0385
-1,79.07493,126.0448
-1,80.46415,126.0512
-1,81.85337,126.0575
-1,83.24259,126.0638
-1,84.63181,126.0702
-1,86.02103,126.0765
-1,87.41026,126.0828
-1,88.79948,126.0892
-1,90.1887,126.0955
-1,91.57792,126.1018
-1,92.96714,126.1082
-1,94.35636,126.1145
-1,95.74558,126.1208
-1,97.1348,126.1272
-1,98.52402,126.1335
-1,99.91325,126.1398
-1,101.3025,0
-1,102.6917,0
-1,98.21429,0.1984124
-1,98.88996,2.083333
-1,99.56564,3.968254
-1,100.2413,5.853174
-1,98.21429,7.738095
-1,98.92184,9.623015
-1,99.62939,11.50794
-1,100.3369,13.39286
-1,101.0445,15.27778
-1,101.752,17.1627
-1,102.4596,19.04762
-1,103.1671,20.93254
-1,103.8747,22.81746
-1,73.21429,24.70238
6,71.42857,26.5873
6,69.64286,28.47222
6,70.39093,30.35714
6,71.139,32.24206
6,71.88707,34.12698
6,72.63514,36.0119
6,73.38321,37.89682
6,74.13128,39.78175
6,74.87935,41.66667
6,75.62742,43.55159
6,76.37549,45.43651
6,77.12356,47.32143
6,77.87163,45.71708
6,78.6197,45.00558
6,79.36777,44.29409
6,80.11584,43.58259
6,80.86391,42.8711
6,81.61198,42.1596
6,82.36005,41.44811
6,83.10812,40.73661
6,83.85619,40.02512
6,84.60426,39.31363
6,85.35233,38.60213
6,86.1004,37.89064
6,86.84846,37.17914
6,87.59653,36.46765
6,88.3446,35.75615
6,89.09267,35.04466
6,89.84074,34.33316
6,90.58881,33.62167
6,91.33688,32.91018
6,92.08495,32.19868
6,92.83302,31.48718
6,93.58109,30.77569
6,94.32916,30.06419
6,95.07723,29.3527
6,95.8253,28.6412
6,96.57337,27.9297
6,97.32144,27.21821
6,98.06951,26.50671
6,98.81758,25.79521
6,99.56565,25.08372
6,100.3137,24.37222
6,101.0618,23.66072
6,101.8099,22.94923
6,102.5579,22.23773
6,103.306,21.52624
6,104.0541,20.81474
6,104.8021,20.10324
6,105.5502,19.39175
6,106.2983,18.68025
6,107.0463,17.96875
6,107.7944,17.25726
6,108.5425,16.54576
6,109.2906,15.83427
6,110.0386,15.12277
6,110.7867,14.41127
6,111.5348,13.69978
6,112.2828,12.98828
6,113.0309,12.27679
6,113.779,11.56529
6,114.527,10.8538
6,115.2751,10.1423
6,116.0232,9.430807
6,116.7713,8.719312
6,117.5193,8.007816
6,118.2674,7.296321
6,119.0155,6.584826
6,119.7635,5.87333
6,120.5116,5.161835
6,121.2597,4.450339
6,122.0077,3.738844
6,122.7558,3.027348
-1,123.5039,2.315852
-1,124.252,1.604357
-1,125,0.8928612
-1,94.21767,2.759717
-1,94.38774,0
-1,94.55781,0
-1,94.72787,0
-1,94.89794,125.8929
-1,95.06801,125.8929
-1,91.07143,125.8929
-1,91.74195,125.8929
-1,92.41248,125.8929
-1,93.083,125.8929
-1,93.75352,125.8929
4,94.42405,0
4,95.09457,0
4,95.7651,1.785714
4,96.43562,4.783163
4,97.10615,7.780611
4,97.77667,10.77806
4,98.4472,13.77551
4,99.11772,16.77295
4,99.78825,19.7704
4,100.4588,22.76785
4,101.1293,25.7653
4,101.7998,28.76275
4,102.4703,31.76019
4,103.1409,34.75764
4,103.8114,37.75509
4,104.4819,40.75254
4,105.1524,43.74999
4,105.823,46.74744
4,106.4935,49.74488
4,107.164,52.74233
4,107.8345,55.73978
4,108.5051,58.73723
4,109.1756,61.73468
4,109.8461,64.73212
4,110.5166,67.72958
4,111.1872,70.72703
4,111.8577,73.72448
4,112.5282,74.10714
4,113.1987,72.6461
4,113.8693,71.18507
4,114.5398,69.72403
4,115.2103,68.26299
4,115.8808,66.80196
4,116.5514,65.34092
4,117.2219,63.87988
4,117.8924,62.41884
4,118.5629,60.9578
4,119.2335,59.49676
4,119.904,58.03572
4,120.5745,56.57468
4,121.245,55.11364
4,121.9156,53.6526
4,122.5861,52.19156
4,123.2566,50.73051
4,123.9271,49.26947
4,124.5977,47.80843
4,125.2682,46.34739
4,125.9387,44.88635
4,126.6092,43.42531
4,127.2798,41.96427
4,127.9503,40.50323
4,128.6208,39.04219
4,129.2913,37.58115
4,129.9619,36.12011
4,130.6324,34.65907
4,131.3029,33.19803
4,131.9735,31.73699
4,132.644,30.27595
4,133.3145,28.81491
4,133.9851,27.35387
4,134.6556,25.89284
4,135.3261,24.4318
4,135.9967,22.97076
4,136.6672,21.50972
4,137.3377,20.04868
4,138.0083,18.58764
4,138.6788,17.1266
4,139.3493,15.66557
4,140.0199,14.20453
4,140.6904,12.74349
4,141.3609,11.28245
4,142.0314,9.821411
4,142.702,8.360373
4,143.3725,6.899333
4,144.043,5.438294
4,144.7136,3.977255
4,145.3841,2.516216
4,146.0546,1.055177
4,146.7252,0
4,147.3957,0
4,148.0662,0
4,148.7368,0
4,149.4073,0
4,150.0778,0
4,150.7484,0
4,151.4189,0
4,152.0894,0
4,152.76,0
-1,153.4305,0
